0.25359575
0.30477742
0.25807868
0.30432097
0.29589331
0.25360031
0.25387086
0.25355324
0.29589331
0.28385959
0.25337277
0.28769615
0.25346114
0.25634660
0.25343303
0.25329200
0.28769615
0.28769615
0.26838163
0.28385959
0.25354639
0.26385451
0.25355343
0.25352609
0.25411123
0.25650958
0.25363138
0.25353812
0.31155797
0.25372261
0.28385959
0.31505470
0.33255383
0.31155797
0.35764778
0.25379934
0.41486801
0.25422785
0.48361024
0.28769615
0.25699260
0.25360547
0.82508430
0.25461724
0.25380983
0.25373182
0.44368396
0.29589331
0.28385959
0.51396949
0.25352673
0.25337060
0.25360989
0.46777180
0.31863998
0.28385959
0.25378149
0.25405868
0.27675076
0.28769615
0.25356785
0.26332365
0.29589331
0.28020841
0.50382747
0.28769615
0.29220110
0.29589331
0.28385959
0.27044911
0.26502170
0.25369769
0.27156805
0.26265721
0.30342252
0.26762188
0.28385959
0.28769615
0.25489882
0.25370986
0.35455077
0.29589331
0.25341779
0.26762188
0.45541305
0.25360547
0.41514806
0.25369058
0.25418978
0.25338782
0.31863944
0.25416870
0.29589331
0.25398525
0.28385959
0.27250102
0.25479965
0.25366425
0.31863998
0.25337060
0.29324837
0.51280304
0.25476406
0.31863998
0.25668654
0.25360548
0.29589331
0.32280082
0.29589331
0.27044911
0.29589331
0.25329200
0.28020841
0.25337060
0.28769615
0.45731664
0.28769615
0.27676505
0.27675076
0.25394746
0.25360547
0.28769615
0.25510297
0.25337060
0.28385959
0.25394897
0.25440460
0.25337060
0.28020841
0.30477742
0.50947571
0.29589331
0.48833788
0.25360673
0.28385959
0.25367395
0.27675076
0.27074287
0.25356123
0.26675021
0.28385959
0.25371893
0.25493071
0.25350102
0.25419185
0.25369537
0.25350840
0.49155422
0.26631137
0.52323708
0.27044911
0.25370856
0.25373630
0.29589331
0.29589331
0.25337060
0.25364097
0.29589331
0.25338319
0.25638654
0.28385959
0.36718173
0.25426837
0.29589331
0.29589331
0.29589331
0.25363785
0.25381589
0.33362992
0.26492634
0.36294974
0.27349489
0.29589331
0.30473665
0.25602429
0.25386191
0.29589331
0.25401646
0.25694622
0.28385959
0.25401652
0.25337060
0.25377403
0.25329200
0.51132615
0.29831835
0.25357839
0.28769615
0.25348331
0.25337060
0.25349388
0.25924529
0.46021440
0.33362992
0.26710522
0.25386552
0.30473665
0.35296146
0.25358018
0.29589331
0.28769615
0.27675076
0.26407346
0.25329200
0.25360549
0.27106616
0.27333540
0.25356245
0.25393998
0.25367221
0.27676505
0.29589331
0.39107202
0.29589331
0.25396663
0.26224446
0.25360547
0.25395848
0.25337080
0.25573187
0.31076487
0.28055992
0.28385959
0.52190245
0.26876415
0.28404589
0.30473665
0.25349852
0.29589331
0.25528812
0.51633396
0.25360547
0.31155797
0.30473665
0.25358077
0.27250102
0.25360547
0.30473665
0.36269264
0.27360364
0.27250102
0.25329200
0.29589331
0.45729722
0.25337060
0.25390270
0.25365878
0.25337060
0.28769615
0.25360127
0.27044911
0.29589331
0.25377842
0.29589331
0.25329200
0.25364452
0.25359765
0.25391499
0.25337060
0.27675076
0.25394341
0.28385959
0.25367325
0.25338274
0.26857579
0.25359272
0.27402052
0.27044911
0.25475244
0.31863998
0.25374832
0.25360565
0.48795818
0.25400398
0.25381964
0.29589331
0.25383188
0.25483602
0.29006981
0.31863998
0.25337060
0.55948600
0.25345801
0.25490644
0.29589331
0.25819680
0.27675076
0.25499221
0.27610833
0.25337484
0.46202123
0.40583139
0.25445555
0.25337060
0.25344926
0.27241167
0.25521347
0.25337060
0.25351262
0.25341281
0.25360599
0.26434171
0.31408953
0.25367743
0.29589331
0.25352917
0.29589331
0.29589331
0.29589331
0.28385959
0.25329200
0.25421464
0.28640896
0.30473665
0.28385959
0.25381682
0.25352347
0.58040822
0.26502170
0.25366794
0.25420816
0.25386311
0.31155797
0.31863998
0.25337060
0.25362721
0.25337060
0.27993820
0.25364100
0.25360299
0.25378804
0.45613264
0.26502170
0.25731243
0.31155797
0.29589331
0.65432436
0.28020841
0.29589331
0.25569663
0.25429616
0.25416598
0.27451732
0.27044911
0.37210537
0.25370562
0.25351126
0.28020841
0.25356606
0.25381812
0.25368104
0.26502170
0.29589331
0.28769615
0.28769615
0.25337060
0.27295911
0.25406612
0.37059472
0.32324306
0.25410264
0.28020841
0.25339089
0.27044911
0.25380840
0.25359386
0.28385959
0.25441989
0.28769615
0.28769615
0.40126514
0.32933647
0.25353491
0.25337060
0.25371428
0.25413261
0.27349489
0.28020841
0.28769615
0.25351426
0.28769615
0.25522200
0.25337060
0.25866947
0.28385959
0.29589331
0.28769615
0.27675076
0.25347460
0.28904043
0.29589331
0.25329200
0.29589331
0.25368361
0.28020841
0.30473665
0.27349489
0.25392403
0.27675076
0.30332162
0.25689678
0.31155797
0.51142682
0.25337060
0.54766694
0.25430912
0.25350314
0.27610833
0.40820748
0.46532301
0.26385451
0.28517297
0.61115888
0.25393548
0.25797633
0.25394461
0.26502138
0.28769615
0.25357473
0.25544839
0.55650684
0.25366451
0.28385959
0.25584164
0.29589331
0.25350368
0.29589331
0.27675076
0.25344957
0.27675076
0.26148391
0.25430052
0.25382253
0.30477742
0.26265721
0.25434445
0.31863998
0.29693710
0.28769615
0.26105900
0.48645858
0.60888756
0.35594702
0.26053713
0.28385959
0.31863998
0.29589331
0.25991145
0.25396711
0.26072134
0.25337060
0.25360608
0.31155797
0.26502138
0.25378620
0.25611008
0.25418088
0.25351614
0.31863998
0.27042109
0.70401229
0.25349838
0.25376890
0.25427047
0.25345720
0.28769615
0.29589331
0.25359172
0.25360607
0.25337202
0.29589331
0.25329200
0.45875695
0.27349489
0.25374432
0.25364481
0.29589331
0.29589331
0.29589331
0.30473743
0.28769615
0.31863998
0.55591310
0.25360547
0.30473665
0.28235184
0.25401749
0.28644631
0.25353611
0.46250110
0.28385959
0.30473665
0.28769615
0.28107496
0.28020841
0.25360548
0.25411995
0.29589331
0.29589331
0.25798452
0.25550027
0.43647095
0.25494009
0.25374925
0.28020841
0.29589331
0.25401327
0.25401463
0.25871094
0.25337060
0.25337060
0.25396715
0.25740383
0.28769615
0.26219224
0.28769615
0.25403802
0.25365054
0.28769615
0.26948017
0.44493779
0.25357225
0.25381832
0.28385959
0.25425092
0.25341012
0.26725605
0.34816325
0.26593851
0.25506032
0.25361017
0.25350278
0.28020841
0.25348666
0.28769615
0.28769615
0.28769615
0.27610833
0.26053713
0.25583456
0.25394885
0.28020841
0.28020841
0.30473665
0.25363611
0.28769615
0.25422147
0.25505083
0.25389755
0.50421425
0.25381103
0.31863998
0.36954966
0.28385959
0.28769615
0.29220110
0.28385959
0.26821463
0.27758357
0.25533355
0.28385959
0.25360547
0.25354442
0.28214388
0.27349489
0.25337060
0.28769615
0.25393548
0.25386245
0.25857982
0.25329200
0.25386702
0.25337258
0.29589331
0.25488171
0.25509174
0.31155797
0.29831835
0.25361149
0.27044911
0.51696766
0.25390933
0.25379206
0.62405985
0.42856273
0.46041123
0.30094778
0.25507465
0.28385959
0.28769615
0.25346665
0.25502419
0.25337060
0.25367667
0.27349489
0.32896429
0.25337060
0.27893141
0.25329200
0.25408551
0.29589331
0.25577979
0.35652894
0.41429704
0.25459551
0.28769615
0.25343096
0.25365626
0.25377201
0.25403590
0.25357095
0.25337060
0.33617031
0.25329200
0.25414680
0.28769615
0.25329200
0.25362165
0.25807743
0.25386367
0.31863998
0.28769615
0.30473665
0.27675076
0.28769615
0.25337060
0.25360547
0.25360547
0.27349489
0.33357816
0.49416218
0.26053713
0.29589331
0.65002900
0.25382319
0.40838892
0.25369651
0.27044911
0.26265721
0.28769615
0.28385959
0.52125109
0.28769615
0.29435480
0.29589331
0.43038485
0.26762188
0.26053713
0.25360647
0.29882465
0.25462300
0.25391824
0.34934549
0.25347855
0.25359094
0.25824166
0.28020841
0.25431010
0.31155797
0.28769615
0.25441294
0.25337060
0.29589331
0.28769615
0.25353837
0.25360547
0.28769615
0.25597165
0.29589331
0.45176636
0.29589331
0.28644631
0.29589331
0.25345448
0.25388324
0.27216669
0.27515684
0.27809640
0.30473665
0.30473665
0.48232404
0.29589331
0.28769615
0.27675076
0.25372266
0.25337060
0.25337260
0.33362992
0.25361516
0.29589331
0.25648102
0.28385959
0.25383395
0.46708724
0.28769615
0.27675076
0.56511200
0.25373620
0.27675076
0.25393449
0.25337111
0.26265721
0.25348506
0.29589331
0.25731783
0.28020841
0.44840933
0.26509727
0.25389575
0.25401172
0.25360547
0.27044911
0.30473665
0.25899879
0.25359279
0.25360566
0.28020841
0.29589331
0.28385959
0.25360668
0.25454403
0.29964570
0.29589331
0.25393581
0.28769615
0.25356934
0.29220110
0.29589331
0.25360917
0.32964746
0.29589331
0.25441226
0.25364557
0.28378439
0.27675076
0.29589331
0.25363966
0.25371051
0.55237984
0.25437261
0.26218655
0.25376767
0.26469418
0.25441834
0.29589331
0.25480759
0.47733467
0.25372643
0.37038567
0.52948682
0.40146834
0.25364106
0.25377488
0.30277318
0.25359133
0.25337060
0.28769615
0.25361059
0.29589331
0.28020841
0.55215520
0.27044911
0.29589331
0.25502632
0.28385959
0.28020841
0.25359037
0.29589331
0.25345538
0.47480198
0.33227088
0.46597463
0.28644631
0.31863998
0.25346086
0.52729900
0.28769615
0.25387902
0.28385959
0.26686256
0.25567897
0.25354012
0.25337149
0.25385728
0.29589331
0.28826353
0.25337170
0.25346779
0.29589331
0.25389537
0.25385037
0.28385959
0.37504054
0.46063059
0.25607328
0.28020841
0.44981793
0.28385959
0.25374817
0.25999928
0.31751660
0.25329200
0.25360547
0.25474085
0.26762188
0.27610833
0.30477742
0.30473665
0.25391164
0.25345604
0.29589331
0.25598733
0.28385959
0.25347339
0.25560639
0.43209434
0.25345527
0.39055312
0.54536675
0.25356101
0.25349826
0.35634788
0.25370901
0.30477742
0.28385959
0.25472131
0.25387606
0.45901634
0.28385959
0.28769615
0.25449508
0.26424962
0.25342900
0.29589331
0.25421822
0.37088406
0.25566819
0.31155797
0.25414109
0.25441795
0.26339344
0.25488081
0.25329200
0.26587074
0.25351502
0.25498777
0.25648512
0.30473665
0.25329200
0.25361712
0.25371697
0.25351967
0.27166395
0.25386662
0.28020841
0.25407207
0.25344922
0.28385959
0.25408318
0.25456166
0.25384608
0.26098791
0.47248866
0.25867025
0.25345773
0.25337693
0.29589331
0.25468930
0.29589331
0.25359459
0.27675076
0.25441578
0.25340496
0.27675076
0.25377440
0.25440419
0.28769615
0.28769615
0.28020841
0.27349489
0.25401981
0.29589331
0.25337119
0.25820466
0.25329200
0.25360560
0.25381410
0.35819322
0.45664450
0.33362992
0.29589331
0.25411264
0.26072607
0.35672611
0.27675076
0.28769615
0.27418981
0.25491249
0.25704655
0.25431564
0.29589331
0.25337060
0.53030684
0.25360547
0.25668017
0.25510846
0.34112790
0.26786873
0.25371922
0.25395815
0.28769615
0.28020841
0.25366183
0.25421328
0.30795675
0.29589331
0.25388337
0.25341072
0.26747602
0.25348519
0.25337247
0.25337060
0.25339123
0.28020841
0.26053713
0.28020841
0.28385959
0.48317906
0.30473665
0.25700614
0.31288538
0.25353809
0.25362368
0.25362179
0.25954137
0.28385959
0.25360547
0.29589331
0.25351808
0.27206489
0.25354235
0.25363686
0.27410535
0.28769615
0.25389275
0.29589331
0.25337060
0.25362876
0.25359728
0.36731918
0.25389323
0.29589331
0.30473665
0.29589331
0.33741313
0.25353294
0.29589331
0.25353167
0.25364505
0.28769615
0.28107496
0.29589331
0.25360547
0.27675076
0.25382537
0.29589331
0.25395448
0.27675076
0.28020841
0.28769615
0.25686573
0.27044911
0.28769615
0.38927196
0.28385959
0.27536277
0.29589331
0.25467247
0.29589331
0.29353165
0.25337060
0.25337262
0.25337060
0.32711761
0.29589331
0.27125862
0.25373133
0.29589331
0.25360547
0.28769615
0.25474580
0.25349864
0.25360585
0.25338057
0.25465307
0.25445038
0.25487082
0.31155797
0.27156805
0.25364223
