0.25687904
0.29894983
0.32096288
0.29191701
0.25470296
0.25514448
0.27196965
0.24910509
0.25470296
0.25457681
0.24994083
0.25460835
0.24755976
0.33124405
0.24872664
0.23417216
0.25470296
0.25456104
0.29617455
0.25452951
0.25520756
0.29637954
0.24949930
0.25691058
0.25079233
0.32782225
0.24953084
0.25721018
0.29910752
0.24989352
0.25448220
0.29915482
0.27655833
0.29910752
0.25148616
0.26561488
0.28240850
0.26979357
0.30446886
0.25456104
0.30686570
0.25968586
0.35516512
0.26626139
0.27290000
0.25131270
0.30323891
0.25456104
0.25452951
0.35210599
0.26406955
0.24896317
0.26172002
1.05959860
0.29940712
0.25457681
0.25946510
0.25318917
0.25448220
0.25470296
0.25189614
0.26438492
0.25470296
0.25443490
0.97868959
0.25465566
0.29841370
0.25465566
0.25452951
0.25441913
0.25435605
0.26692368
0.29734143
0.25435605
0.29995903
0.25437182
0.25457681
0.25465566
0.29917059
0.26246114
0.29595379
0.25456104
0.25049273
0.25426144
0.27742561
0.25968586
0.28595645
0.26553603
0.26670291
0.25061888
0.29939135
0.26376994
0.25470296
0.25504987
0.25457681
0.24942046
0.27542299
0.25410375
0.29939135
0.24539945
0.32731766
1.01106266
0.26872130
0.29939135
0.26238230
0.26053737
0.25460835
0.32159363
0.25460835
0.25448220
0.25456104
0.23417216
0.25448220
0.24897894
0.25465566
0.34899957
0.25470296
0.24942046
0.25443490
0.28324424
0.25968586
0.25470296
0.26080543
0.24538368
0.25448220
0.25850321
0.27617988
0.24538368
0.25448220
0.29893406
1.22259927
0.25460835
0.31623229
0.26086851
0.25443490
0.25640598
0.25448220
0.26006431
0.24918393
0.24571482
0.25452951
0.25730479
0.29294197
0.25432451
0.25381992
0.25120232
0.24839550
1.09258665
0.44094664
0.41634753
0.25451374
0.26365956
0.26406955
0.25460835
0.25465566
0.24538368
0.25790400
0.25465566
0.24711824
0.26011161
0.25443490
0.26670291
0.25732056
0.25456104
0.25460835
0.25456104
0.25337839
0.26050583
0.29954904
0.37217950
0.32045829
0.25443490
0.25456104
0.25460835
0.27222195
0.27468186
0.25456104
0.26663984
0.28556224
0.25457681
0.27791443
0.24896317
0.27215887
0.23404601
1.11289668
0.29882368
0.25610637
0.25465566
0.25265304
0.24538368
0.24839550
0.32124672
0.36210333
0.29953327
0.27001433
0.27160697
0.25465566
0.25304725
0.25624829
0.25465566
0.25456104
0.25452951
0.27849787
0.23417216
0.26042699
0.26160964
0.25613791
0.24885279
0.25164384
0.25000390
0.24942046
0.25460835
0.31359892
0.25460835
0.28169891
0.40877857
0.25973317
0.27236387
0.24599866
0.25432451
0.37992192
0.26252422
0.25443490
0.89109467
0.38567748
0.33354628
0.25456104
0.25169115
0.25456104
0.30724415
0.44096241
0.25976470
0.29906021
0.25465566
0.26039545
0.24582520
0.25968586
0.25465566
0.33274208
0.50020528
0.24582520
0.23264260
0.25456104
0.28277118
0.24536791
0.26575680
0.26306035
0.24897894
0.25460835
0.26400647
0.25448220
0.25460835
0.27126006
0.25465566
0.23264260
0.25042965
0.25878705
0.26261883
0.24538368
0.25452951
0.26566218
0.25448220
0.26231923
0.24967276
0.24932585
0.26110504
0.27081854
0.25457681
0.26430608
0.29939135
0.26402224
0.26935205
0.94226398
0.25996970
0.25922857
0.25456104
0.25079233
0.28447420
0.28073703
0.29939135
0.24897894
0.44534610
0.25014582
0.27554913
0.25465566
0.28026397
0.25443490
0.26738097
0.29757796
0.24959392
1.06909134
0.85326565
0.29440846
0.24897894
0.24667671
0.28833752
0.26126273
0.24539945
0.25036658
0.24814320
0.26233500
0.26741250
0.31358315
0.26753865
0.25456104
0.25506564
0.25456104
0.25460835
0.25456104
0.25448220
0.23264260
0.27236387
0.30106283
0.25470296
0.25457681
0.26805902
0.24983045
0.35625315
0.25435605
0.26271344
0.27252155
0.27223772
0.29910752
0.29939135
0.24896317
0.26255576
0.24538368
0.30602996
0.27091315
0.26285536
0.26835862
1.02590097
0.25432451
0.32293397
0.29910752
0.25456104
0.46937754
0.25448220
0.25470296
0.26824824
0.26501567
0.25274765
0.28373307
0.25441913
0.28600376
0.26312343
0.25192768
0.25457681
0.25541255
0.25908665
0.26758596
0.25435605
0.25460835
0.25465566
0.25456104
0.24538368
0.25754132
0.27170158
0.34001143
0.30044785
0.28067395
0.25448220
0.24740207
0.25451374
0.25188037
0.26050583
0.25452951
0.25085541
0.25460835
0.25465566
0.29505497
0.29537034
0.24856895
0.24897894
0.26408532
0.25634290
0.25434028
0.25457681
0.25465566
0.25304725
0.25470296
0.26987242
0.24899471
0.34726501
0.25448220
0.25465566
0.25460835
0.25443490
0.25054004
0.29358849
0.25470296
0.23264260
0.25460835
0.26157810
0.25457681
0.25470296
0.25438759
0.25848744
0.25448220
0.31470273
0.32936758
0.29910752
0.41338302
0.24896317
0.27802482
0.29240584
0.25088695
0.29757796
0.52344829
0.30180396
0.29637954
0.30707069
0.31396160
0.27922323
0.27950707
0.25156500
0.24571482
0.25465566
0.25941779
0.26980934
0.45348273
0.26790133
0.25443490
0.25317340
0.25470296
0.25134424
0.25465566
0.25457681
0.24908932
0.25457681
0.27780405
0.28458458
0.26548873
0.29891829
0.25432451
0.26686060
0.29939135
0.29358849
0.25465566
0.26747558
1.02263686
0.35235829
0.30771721
0.25445066
0.25457681
0.29940712
0.25465566
0.26692368
0.26159387
0.28759639
0.24538368
0.25984355
0.29906021
0.24571482
0.26252422
0.25965432
0.26843747
0.24812743
0.29939135
0.27758329
0.42356958
0.25323648
0.26744404
0.28710757
0.24953084
0.25460835
0.25465566
0.26283959
0.26165694
0.24617212
0.25460835
0.23264260
0.44020552
0.25434028
0.26700252
0.26091582
0.25470296
0.25456104
0.25465566
0.30560421
0.25456104
0.29940712
0.74255386
0.25968586
0.25470296
0.26780672
0.27480801
0.26091582
0.24830089
0.35021375
0.25448220
0.25460835
0.25456104
0.29789333
0.25452951
0.25976470
0.27567528
0.25456104
0.25470296
0.27260039
0.27766214
0.30677109
0.27135467
0.25055580
0.25443490
0.25465566
0.25188037
0.27053470
0.33802458
0.24897894
0.24536791
0.26686060
0.31738340
0.25470296
0.26468453
0.25460835
0.25236920
0.26253999
0.25470296
0.27122852
0.24607750
0.25689481
0.26991972
0.25443490
0.26747558
0.25184883
0.26175155
0.31061864
0.38605593
0.30451617
0.26138888
0.24833242
0.25443490
0.24995659
0.25470296
0.25460835
0.25465566
0.29757796
0.25441913
0.31602729
0.25572793
0.25443490
0.25448220
0.25456104
0.26090005
0.25456104
0.29409308
0.28013782
0.27647949
1.05333844
0.27167004
0.29939135
0.53417098
0.25448220
0.25460835
0.29839793
0.25457681
0.28467919
0.25881858
0.25907088
0.25452951
0.25976470
0.24877394
0.26252422
0.25443490
0.24536791
0.25470296
0.26662407
0.26599333
0.27875017
0.23404601
0.27323114
0.24625096
0.25460835
0.25429298
0.27916016
0.29909175
0.29882368
0.26250845
0.25448220
0.94817723
0.25385145
0.25517602
0.31645305
0.28704449
0.53043381
0.29781449
0.27032971
0.25452951
0.25460835
0.25134424
0.26736520
0.24538368
0.24987775
0.25438759
0.30749645
0.24538368
0.27261616
0.23264260
0.27939669
0.25470296
0.29267390
0.30912062
0.96344129
0.27755176
0.25460835
0.24877394
0.25681596
0.26695521
0.26827978
0.26033238
0.24538368
0.29199585
0.23264260
0.26276075
0.25460835
0.23264260
0.25618522
0.27632180
0.26324958
0.29939135
0.25460835
0.25470296
0.25452951
0.25470296
0.24538368
0.25968586
0.25984355
0.25448220
0.29951750
0.50791615
0.25445066
0.25470296
0.39476023
0.26515759
0.25773055
0.25287380
0.25451374
0.25441913
0.25470296
0.25443490
0.76376271
0.25465566
0.30647148
0.25460835
0.78823568
0.25437182
0.25451374
0.24959392
0.40182459
0.26638754
0.26113658
0.31044519
0.25213267
0.25229036
0.26788556
0.25443490
0.26523643
0.29906021
0.25456104
0.28822714
0.24536791
0.25460835
0.25465566
0.24880548
0.25973317
0.25465566
0.26954127
0.25460835
0.24573059
0.25465566
0.29842947
0.25470296
0.24820627
0.26764903
0.26309189
0.26257153
0.28844790
0.25460835
0.25470296
1.03220843
0.25460835
0.25470296
0.25448220
0.25096579
0.24536791
0.24563598
0.29954904
0.25285803
0.25460835
0.25886589
0.25457681
0.26577256
1.08590073
0.25456104
0.25457681
0.39562750
0.27097622
0.25457681
0.26662407
0.24599866
0.25426144
0.24931008
0.25460835
0.25929164
0.25448220
0.30044785
0.28527840
0.25905511
0.26395917
0.25984355
0.25441913
0.25470296
0.27163851
0.25632713
0.26949397
0.25457681
0.25456104
0.25457681
0.26294997
0.27119698
0.29153856
0.25460835
0.26673445
0.25460835
0.25451374
0.29839793
0.25470296
0.26101043
0.30623495
0.25470296
0.26552027
0.25008274
0.30609304
0.25448220
0.25460835
0.26230346
0.25183307
0.77437502
0.26753865
0.39206379
0.27405111
0.39810318
0.27272654
0.25460835
0.26678176
0.87037465
0.26602486
0.30741760
1.17605018
0.30732299
0.26179886
0.26449530
0.29760949
0.25697365
0.24538368
0.25465566
0.26116811
0.25470296
0.25457681
0.50209752
0.25451374
0.25465566
0.30866333
0.25448220
0.25452951
0.25575946
0.25456104
0.24768591
0.27446110
0.30934138
0.40598752
0.29842947
0.29939135
0.24965699
0.29186970
0.25465566
0.26742827
0.25457681
0.28898404
0.26973050
0.26129426
0.24965699
0.27621142
0.25460835
0.28606683
0.24544676
0.25042965
0.25456104
0.25520756
0.26583564
0.25452951
0.30005364
0.85129456
0.26400647
0.25443490
0.28445843
0.25452951
0.26460568
0.32007984
0.30246624
0.23264260
0.25973317
0.26477914
0.25426144
0.29756219
0.29894983
0.25460835
0.25721018
0.24970430
0.25470296
0.25531794
0.25452951
0.25263727
0.30010094
0.28355962
0.24755976
0.92663724
0.46188743
0.25525487
0.25434028
0.30837949
0.25013005
0.29893406
0.25448220
0.27103930
0.26339150
0.34526239
0.25443490
0.25460835
0.29261083
0.33633733
0.25247958
0.25470296
0.26656100
0.32933604
0.26971473
0.29906021
0.26436915
0.26736520
0.24558868
0.27406688
0.23417216
0.44082049
0.25044542
0.25435605
0.26039545
0.25456104
0.23417216
0.26080543
0.26629293
0.25356762
0.26260306
0.27540722
0.25443490
0.26974627
0.24691324
0.25448220
0.26449530
0.29800371
0.26302882
0.29043475
0.43687833
0.25432451
0.24746515
0.25030351
0.25470296
0.29459768
0.25460835
0.24938892
0.25452951
0.25952817
0.24793821
0.25443490
0.26826401
0.25681596
0.25465566
0.25465566
0.25452951
0.25448220
0.27971206
0.25456104
0.24606173
0.26030084
0.23264260
0.25968586
0.25793554
0.32129403
0.28627183
0.29954904
0.25460835
0.27334152
0.26060044
0.32406931
0.25443490
0.25456104
0.49763499
0.30921523
0.30718107
0.27638487
0.25460835
0.24896317
1.01509944
0.25976470
0.28139931
0.29658453
0.28573569
0.28534147
0.26192501
0.26615101
0.25460835
0.25452951
0.26307612
0.26563065
0.49116983
0.25470296
0.26660830
0.24680286
0.29710490
0.24814320
0.24614058
0.24897894
0.25200652
0.25443490
0.25451374
0.25457681
0.25448220
0.52347983
0.25465566
0.26050583
0.30237163
0.25859782
0.25976470
0.24989352
0.27293154
0.25457681
0.25984355
0.25460835
0.25615368
0.27523376
0.25626406
0.25186460
0.28214044
0.25456104
0.24986198
0.25456104
0.24538368
0.26090005
0.25552293
0.29740450
0.26622986
0.25456104
0.25460835
0.25470296
0.30036901
0.25561754
0.25460835
0.24841127
0.25383569
0.25470296
0.29787756
0.25470296
0.25984355
0.25452951
0.27403534
0.25456104
0.27551760
0.25443490
0.25448220
0.25465566
0.27110237
0.25457681
0.25465566
0.27985398
0.25457681
0.26350188
0.25460835
0.27141775
0.25456104
0.27733099
0.24538368
0.24625096
0.24536791
0.56148230
0.25456104
0.26364379
0.26376994
0.25470296
0.25984355
0.25465566
0.28229812
0.25304725
0.25960702
0.25066618
0.26716021
0.25205383
0.26470029
0.29910752
0.29734143
0.26577256
