0.42216744
0.21796421
0.31806383
0.23798413
0.23398015
0.24999609
0.45419932
0.22997616
0.23398015
0.23798413
0.19394029
0.20194827
0.30605188
0.23798413
0.40615150
0.19394029
0.20194827
0.20194827
0.20595225
0.23798413
0.29403992
0.22597218
0.29804391
0.36611165
0.26200804
0.22997616
0.29003594
0.33808376
0.20194827
0.47421925
0.23798413
0.20595225
0.19794428
0.23798413
0.19794428
0.19794428
0.20194827
0.19794428
0.20595225
0.20194827
0.28603195
0.19394029
0.22196819
0.57431888
0.19394029
0.39413955
0.21396022
0.23398015
0.23798413
0.27001601
0.20995624
0.19394029
0.19394029
0.59033482
0.20595225
0.23798413
0.40214752
0.37411962
0.20194827
0.20194827
0.28202797
0.19394029
0.23398015
0.21796421
0.59033482
0.20194827
0.20595225
0.23398015
0.23798413
0.20194827
0.21796421
0.35009571
0.21396022
0.20995624
0.20595225
0.20595225
0.23798413
0.20194827
0.52627105
0.41816346
0.25800406
0.23398015
0.19394029
0.20595225
0.21396022
0.19394029
0.22196819
0.45820331
0.54228699
0.23398015
0.20595225
0.20995624
0.23398015
0.36611165
0.23798413
0.23398015
0.59033482
0.37011564
0.20194827
0.19394029
0.23398015
0.59033482
0.54228699
0.20194827
0.19394029
0.23398015
0.23398015
0.20595225
0.23398015
0.22196819
0.23398015
0.19394029
0.21796421
0.19794428
0.20194827
0.31005586
0.20194827
0.19794428
0.20194827
0.47822323
0.20595225
0.20194827
0.19794428
0.19394029
0.23798413
0.53427902
0.33407977
0.19394029
0.21796421
0.23798413
0.59033482
0.23398015
0.20194827
0.19394029
0.23798413
0.29804391
0.20194827
0.23798413
0.29403992
0.21796421
0.23798413
0.40615150
0.22997616
0.19794428
0.53828301
0.38212759
0.26601203
0.59033482
0.27001601
0.35009571
0.20194827
0.19794428
0.20595225
0.23398015
0.23398015
0.19394029
0.42216744
0.23398015
0.30605188
0.22196819
0.23798413
0.39013556
0.47421925
0.23398015
0.23398015
0.23398015
0.47021526
0.59033482
0.23398015
0.51826308
0.28202797
0.20595225
0.23398015
0.20995624
0.23798413
0.50224714
0.23398015
0.36611165
0.23798413
0.23798413
0.43017541
0.19394029
0.47421925
0.59033482
0.59033482
0.21796421
0.59033482
0.20194827
0.31405985
0.19394029
0.28202797
0.59033482
0.27802398
0.23398015
0.20194827
0.36210767
0.20995624
0.19794428
0.46220729
0.23398015
0.20194827
0.20194827
0.24198812
0.19394029
0.19394029
0.22997616
0.20194827
0.20595225
0.41015549
0.33007579
0.19794428
0.23398015
0.24599210
0.23398015
0.53027504
0.59033482
0.23398015
0.29003594
0.22997616
0.20194827
0.43017541
0.26601203
0.23798413
0.59033482
0.43017541
0.20595225
0.20995624
0.19394029
0.23398015
0.59033482
0.35810368
0.21796421
0.23798413
0.20995624
0.20595225
0.23398015
0.19394029
0.20995624
0.25800406
0.59033482
0.23398015
0.59033482
0.23398015
0.19794428
0.19394029
0.53427902
0.42216744
0.19394029
0.20194827
0.43017541
0.20194827
0.23398015
0.53828301
0.23398015
0.59033482
0.34609173
0.28603195
0.23398015
0.20194827
0.20194827
0.25400007
0.23798413
0.20595225
0.19394029
0.19794428
0.41015549
0.20595225
0.22196819
0.57431888
0.20595225
0.19794428
0.19394029
0.59033482
0.51826308
0.19394029
0.23398015
0.33007579
0.43017541
0.19794428
0.20595225
0.19394029
0.59033482
0.27001601
0.20595225
0.23398015
0.20194827
0.20194827
0.49023519
0.22597218
0.22597218
0.59033482
0.59033482
0.59033482
0.19394029
0.21396022
0.29403992
0.20595225
0.19394029
0.53027504
0.36210767
0.43818338
0.19394029
0.49423917
0.36611165
0.23398015
0.20194827
0.23398015
0.23398015
0.23398015
0.23798413
0.59033482
0.58232685
0.21796421
0.20995624
0.23798413
0.19394029
0.31005586
0.24599210
0.20194827
0.28202797
0.25400007
0.54228699
0.23798413
0.20595225
0.19394029
0.35009571
0.19394029
0.32206782
0.19394029
0.40615150
0.19794428
0.59033482
0.21796421
0.42617143
0.20595225
0.23398015
0.41415947
0.21796421
0.23398015
0.19794428
0.38212759
0.43818338
0.20595225
0.20194827
0.19794428
0.37812361
0.33808376
0.21796421
0.19794428
0.33808376
0.45019534
0.20194827
0.23398015
0.20194827
0.20194827
0.19394029
0.20194827
0.50625113
0.27802398
0.23398015
0.22997616
0.21796421
0.32607180
0.20194827
0.21796421
0.40615150
0.23798413
0.37411962
0.20194827
0.20194827
0.28603195
0.19794428
0.27802398
0.19394029
0.22196819
0.19794428
0.20595225
0.21796421
0.20194827
0.27001601
0.20194827
0.40214752
0.19394029
0.59033482
0.23798413
0.23398015
0.20194827
0.20194827
0.29804391
0.22196819
0.23398015
0.59033482
0.23398015
0.27802398
0.21796421
0.20995624
0.20595225
0.59033482
0.20194827
0.20595225
0.30204789
0.24198812
0.35009571
0.19394029
0.21396022
0.59033482
0.33007579
0.20194827
0.20194827
0.21396022
0.20995624
0.22597218
0.24599210
0.59033482
0.25400007
0.37011564
0.21796421
0.20194827
0.39814353
0.30204789
0.47822323
0.20595225
0.23798413
0.19394029
0.23398015
0.25400007
0.23398015
0.20194827
0.42216744
0.20194827
0.19394029
0.24198812
0.19394029
0.21796421
0.21396022
0.28603195
0.20595225
0.22597218
0.20194827
0.42617143
0.59033482
0.32607180
0.27802398
0.20194827
0.23798413
0.20194827
0.23398015
0.19394029
0.43818338
0.19794428
0.19394029
0.20194827
0.23798413
0.21796421
0.44218737
0.34208774
0.19794428
0.35009571
0.20194827
0.20194827
0.33407977
0.20995624
0.23798413
0.53427902
0.27001601
0.20194827
0.23398015
0.40615150
0.34609173
0.27802398
0.23398015
0.59033482
0.28603195
0.20595225
0.37812361
0.19394029
0.23398015
0.23398015
0.23398015
0.21796421
0.20194827
0.20595225
0.59033482
0.19394029
0.20995624
0.54629098
0.59033482
0.20194827
0.36611165
0.23798413
0.23798413
0.20995624
0.20194827
0.20595225
0.21796421
0.20595225
0.59033482
0.23398015
0.23398015
0.20194827
0.20595225
0.20595225
0.56631091
0.36611165
0.21796421
0.23398015
0.42617143
0.48222722
0.26200804
0.19394029
0.19394029
0.29403992
0.26200804
0.20194827
0.33007579
0.20194827
0.43818338
0.20595225
0.20194827
0.19794428
0.19794428
0.39013556
0.59033482
0.23798413
0.20595225
0.19794428
0.26200804
0.20995624
0.29403992
0.59033482
0.43017541
0.26200804
0.21796421
0.29003594
0.20194827
0.20194827
0.20194827
0.23398015
0.20194827
0.31806383
0.22997616
0.21796421
0.21796421
0.20995624
0.23398015
0.20194827
0.59033482
0.59033482
0.53427902
0.59033482
0.55830293
0.20194827
0.42216744
0.23798413
0.20194827
0.20595225
0.23798413
0.22997616
0.23798413
0.33808376
0.23798413
0.19394029
0.28202797
0.24599210
0.20595225
0.19394029
0.20194827
0.19794428
0.19794428
0.33407977
0.59033482
0.45419932
0.25800406
0.23398015
0.47421925
0.20595225
0.23798413
0.20995624
0.19394029
0.20194827
0.59033482
0.40214752
0.41816346
0.20595225
0.20595225
0.31806383
0.23398015
0.54629098
0.23798413
0.20194827
0.27802398
0.44619135
0.19394029
0.31005586
0.20595225
0.21396022
0.19394029
0.19394029
0.59033482
0.59033482
0.23398015
0.21396022
0.26200804
0.59033482
0.24599210
0.20194827
0.19794428
0.19794428
0.53427902
0.23798413
0.47021526
0.19394029
0.20595225
0.59033482
0.53027504
0.20194827
0.59033482
0.19794428
0.45820331
0.20194827
0.20194827
0.20194827
0.20995624
0.20194827
0.20194827
0.19394029
0.19394029
0.19394029
0.20595225
0.23398015
0.35009571
0.20194827
0.23398015
0.24599210
0.51025511
0.21396022
0.19794428
0.22196819
0.20194827
0.20194827
0.23798413
0.59033482
0.20194827
0.21796421
0.23398015
0.59033482
0.22597218
0.22597218
0.31405985
0.23798413
0.26200804
0.31806383
0.20995624
0.31005586
0.30605188
0.19794428
0.21796421
0.49824316
0.20595225
0.20194827
0.55830293
0.19394029
0.23398015
0.20194827
0.29804391
0.21396022
0.20194827
0.30605188
0.23398015
0.19794428
0.23398015
0.22597218
0.23398015
0.45019534
0.59033482
0.27402000
0.25400007
0.27802398
0.20995624
0.20995624
0.59033482
0.23398015
0.20194827
0.20194827
0.38613158
0.19394029
0.24999609
0.23398015
0.41816346
0.23398015
0.35009571
0.23798413
0.49023519
0.59033482
0.20194827
0.20194827
0.51025511
0.39413955
0.20194827
0.21396022
0.24198812
0.20194827
0.27402000
0.23398015
0.49023519
0.21796421
0.23798413
0.37411962
0.43818338
0.49423917
0.20194827
0.20194827
0.20995624
0.20194827
0.29403992
0.27802398
0.21796421
0.23398015
0.23798413
0.29804391
0.19794428
0.22597218
0.23398015
0.29403992
0.20194827
0.25400007
0.20995624
0.23398015
0.21396022
0.23398015
0.23398015
0.53828301
0.33808376
0.23798413
0.20194827
0.23398015
0.20595225
0.31405985
0.59033482
0.50224714
0.24599210
0.44619135
0.59033482
0.59033482
0.23398015
0.35009571
0.59033482
0.20595225
0.24198812
0.59033482
0.59033482
0.39814353
0.44619135
0.20194827
0.25800406
0.19394029
0.20194827
0.22597218
0.23398015
0.21796421
0.52627105
0.20194827
0.23398015
0.59033482
0.23798413
0.21796421
0.39013556
0.23398015
0.24999609
0.19794428
0.23398015
0.31005586
0.22196819
0.20595225
0.27802398
0.22196819
0.20194827
0.57832286
0.23798413
0.40615150
0.35810368
0.23398015
0.19394029
0.59033482
0.23398015
0.20995624
0.22196819
0.27402000
0.23398015
0.55029496
0.57832286
0.23798413
0.20595225
0.59033482
0.40214752
0.21796421
0.19794428
0.23798413
0.44218737
0.26200804
0.22597218
0.59033482
0.19394029
0.20995624
0.20595225
0.20194827
0.21796421
0.20995624
0.22196819
0.25400007
0.23398015
0.49023519
0.23798413
0.26200804
0.59033482
0.19794428
0.22597218
0.22997616
0.51025511
0.34208774
0.28603195
0.27001601
0.33407977
0.21796421
0.23798413
0.19794428
0.19394029
0.25400007
0.23798413
0.20194827
0.40615150
0.59033482
0.19794428
0.23398015
0.46220729
0.26601203
0.19394029
0.24198812
0.45820331
0.54228699
0.20194827
0.34208774
0.19394029
0.37411962
0.52226707
0.37812361
0.45419932
0.20995624
0.19394029
0.23398015
0.39413955
0.31806383
0.27402000
0.57031489
0.21796421
0.45419932
0.22196819
0.23798413
0.19394029
0.54228699
0.19394029
0.20595225
0.28603195
0.20194827
0.22597218
0.19394029
0.23398015
0.59033482
0.23398015
0.29403992
0.20194827
0.55830293
0.34609173
0.20194827
0.44619135
0.19394029
0.20194827
0.20194827
0.21796421
0.20595225
0.59033482
0.23398015
0.24198812
0.59033482
0.59033482
0.20194827
0.27001601
0.26200804
0.21396022
0.23398015
0.23398015
0.52226707
0.21796421
0.35810368
0.20194827
0.20194827
0.27001601
0.59033482
0.27802398
0.28603195
0.23398015
0.19394029
0.59033482
0.19394029
0.19794428
0.59033482
0.19794428
0.19394029
0.19394029
0.24198812
0.20194827
0.21796421
0.39413955
0.44218737
0.59033482
0.23398015
0.55830293
0.27802398
0.21396022
0.25800406
0.27001601
0.19394029
0.19794428
0.21796421
0.22597218
0.21796421
0.23798413
0.49423917
0.20995624
0.20995624
0.20595225
0.28202797
0.47021526
0.32607180
0.20194827
0.23798413
0.19394029
0.23398015
0.35810368
0.23798413
0.33407977
0.35009571
0.19794428
0.20194827
0.31405985
0.23398015
0.19394029
0.24599210
0.25400007
0.22997616
0.19794428
0.23398015
0.20995624
0.23398015
0.25800406
0.36611165
0.23398015
0.37812361
0.35409970
0.20194827
0.22597218
0.23398015
0.19394029
0.20194827
0.49023519
0.23398015
0.49423917
0.20194827
0.21796421
0.20194827
0.22597218
0.22196819
0.20194827
0.23798413
0.23798413
0.22997616
0.23398015
0.19794428
0.23398015
0.19394029
0.19394029
0.25800406
0.19394029
0.59033482
0.23398015
0.24198812
0.42216744
0.23398015
0.23398015
0.20194827
0.19794428
0.33407977
0.20595225
0.19794428
0.46621128
0.24599210
0.40615150
0.23798413
0.22196819
0.19394029
